gen,best_fitness,mean_fitness,best_seq
0,5.274928569793701,2.5306921005249023,AGTACACTAGGGGAAAAGTGGTACGAGCTAATTCGGCTGGGCACCCGGCGCTCTGCGGTTTCCTTCGCGGTAACCAATATCGTGCGACGCGCCATATCCGGTTCCGCGATCTGGTACATTTCATCCGTCACTGATCACTATCAAGTCACAATGGCCGTTTCGGTCGAACACCTCAGCTCTGTCAGTTATGCCTGTCTGCC
1,6.311792373657227,3.0135157108306885,AGTACACTAGGGGAAAAGTGGTACGAGCTAATTCGGCTGGGCACCCGGCGCTCTGCGGTTTCCTTCGCGGTAACCAATATCGTGCGACGCGCCATATCCGGTGCCGCGATCTGGTACATTTCATCCGTCACTGATCACTATCAAGTCACAATGGCCGTTTCCGTCGATTGTCGTATGCGCCGCGACGGAGATACGTTTAC
2,6.593435764312744,3.7097301483154297,CGCTGGGTAAAACCAGCCACTTTAAGTGCGTTGTTCAAAGGGTCGACGCATAGGGGCCCTTCCTTCGCGGTAACCAATATCGTGCGACGCGCCATATCCGGTGCCGCGATCTGGTACATTTCATCCGTCACTGATCACTATCAAGTCACAATGGCCGTTTCCGTCGATTGTCGTATCCGCCGCGACGGAGATACGTTTAC
3,7.200629234313965,4.562825679779053,CGCTGGGAAAAACCAGCCACTTTAAGTGCGTTGTTCAAAGGGTCGACGCATAGGGGCCCTTCCTTCGCGGTAACCAATAGCGTGCGACGCGTCATATCCGGTGACGCGATCTGGTACATTTCATCCGTCACTGATCACTATCAAGTCACAATGGCCGTTTCCGTCGATTGTCGTATCCGCCGCGACGGAGATACGTTTAC
4,7.49737548828125,5.380979061126709,CGCTGGGAAAAACCAGCCACTTTAAGTGCGTTGTTCAAAGGGTCGACGCATCGGGGCCCTTCCTTCGCGATAACCAATAGCGTGCGACGCGTCATATCCGGTGACGCGATCTGGTACATTTCATCCGTCACTGATCACTATCGAGTCACAATGGCCGTTTCCGTCGATTGTCGTATCCGCCGCGACGGAGATACGTTTAC
5,7.49737548828125,6.172506332397461,CGCTGGGAAAAACCAGCCACTTTAAGTGCGTTGTTCAAAGGGTCGACGCATCGGGGCCCTTCCTTCGCGATAACCAATAGCGTGCGACGCGTCATATCCGGTGACGCGATCTGGTACATTTCATCCGTCACTGATCACTATCGAGTCACAATGGCCGTTTCCGTCGATTGTCGTATCCGCCGCGACGGAGATACGTTTAC
6,8.034482955932617,6.744470119476318,CGCTGGGAAAAACCAGCCATTTTAAGTGCGTTGTTCAAAGGGTCGACGCAACGGGGCCCTTCCTTCGCGATAACCAATAGCGTGCGACGCGTCATATCCGGTGACGCGATCTGGTACATTTCATCCGTCACTGAGCACTATCGAGTCACAATGGCCGTTTCCGGCGATTGTCGTATCCGCCGCGACGGAGATACGTTTAC
7,8.034482955932617,7.1036200523376465,CGCTGGGAAAAACCAGCCATTTTAAGTGCGTTGTTCAAAGGGTCGACGCAACGGGGCCCTTCCTTCGCGATAACCAATAGCGTGCGACGCGTCATATCCGGTGACGCGATCTGGTACATTTCATCCGTCACTGAGCACTATCGAGTCACAATGGCCGTTTCCGGCGATTGTCGTATCCGCCGCGACGGAGATACGTTTAC
8,8.034482955932617,7.361425876617432,CGCTGGGAAAAACCAGCCATTTTAAGTGCGTTGTTCAAAGGGTCGACGCAACGGGGCCCTTCCTTCGCGATAACCAATAGCGTGCGACGCGTCATATCCGGTGACGCGATCTGGTACATTTCATCCGTCACTGAGCACTATCGAGTCACAATGGCCGTTTCCGGCGATTGTCGTATCCGCCGCGACGGAGATACGTTTAC
9,8.034482955932617,7.399354457855225,CGCTGGGAAAAACCAGCCATTTTAAGTGCGTTGTTCAAAGGGTCGACGCAACGGGGCCCTTCCTTCGCGATAACCAATAGCGTGCGACGCGTCATATCCGGTGACGCGATCTGGTACATTTCATCCGTCACTGAGCACTATCGAGTCACAATGGCCGTTTCCGGCGATTGTCGTATCCGCCGCGACGGAGATACGTTTAC
10,8.041999816894531,7.5394158363342285,CGCTGGGAAAAACCAGCCATTTTGAGTGCGTTCTTCAAAGGGTCGTCGCACCGGGGCCCTTCCTTCGCGATAACCAATAGCTTGCGACGCGTCATATCCGGTGACGCGATCTGGTATATTTCATCCGTCACCGAGCACTATCGAGTCACAATGGCCGTTTCCGGCGATTGTCATATCCGCCGCGACGGAGATGCGTTTAC
11,8.137479782104492,7.624296188354492,CCCTGGGAAAACCCAACAACGTTAAGTGCGTTGTTCAAAGGATCGACGCAACGTGGCCCTTCCTTCGCGATAACCAATAGCGTGCGACGCGTCATATCCGGTGACGCGATCTGGTACATTTCATCCGTCGCCGAGCACTATCGAGTCACAATGGCCGTTTCCGGCGATTGTCGTATCCGCCGCGACGGAGATACGTTTAC
12,8.21377182006836,7.806684970855713,CGCTGAGAAAAACCAGCCATTTTAAGTGCGTTGTTCAAAGGGTCGAAGCATAGGGGCCCTTCCTTCGCGGTAACCAATAGCGTGCGACGCGTCATATCCGGTGACGCGATCTGGTACATTTCGTCCGTCACTGAGCACTATCGAGTCACAATGGCCGCTTCCGGCGATTGTCGTATCCGCCGCGACGGAGACACGTTTGC
13,8.283418655395508,7.8311944007873535,CGCTGAGAAAAACCAGCCATTTTAAGTGCGTTGTTCAAAGGGTCGAAGCATAGGGGCCCTTCCCTCGCGGTAACCAATAGCGTGCGACGCGTCATATCCGGTGACGCGATCTGGTACATTTCGTATGTCACTGAGCACTATCGAGTCACAATGGCCGCTTCCGGCGAATGTCGTATCCGCCGCGACGGAGACACGTTTGC
14,8.344841003417969,7.948688507080078,CGGTGGGAAAAACCGACCCCTTTAAGTGCGTTGTTCATAGGGTCGACGCAACGGGGCACTTCCTTCGCGATAACCAATAGCGAGCGACGCGTCATATCCGGTGACGCGAACTGGTACATTTCATCGGTCACCGAGCACTCTCGAGTCACAATGGCCGTTTCCGGCGATCGTCATATCCGCCGCGACGGAGATGCGTTTAC
15,8.452740669250488,8.025452613830566,CGCTGAGAAAAACCAGCCATTATAAGTGCGTTGTTCAAAGGGTCGAAGCATAGGGGCCCTTCCTTCGCGGTAACCAATAGCGTGCGACGCGTCATATCCGGTGACGCGATCTGGTACATTTCGTCCGTCACTGAGCACTATCGAGTCACAATGGCCGCTTCCGGCGATTGCCGTTTCCGCCGCGACGGAGACACGTTTGC
16,8.582662582397461,8.089747428894043,CGCTGGGAAGATCCAGCCATTTTAAGTGCGCTGATCAAAGGGTCGACGCAACGGGGCCCTTCCTACGCGATAACCAATAGCGTGCGACGCGTCATATCCGGTGACGCGATCTGGTACATTTCGTCCGTCACTGAGCACTATCGAGTCACAATGGCCGCTTCCGGCGATTGCCGTTTCCGCCGCGACGGAGACACGTTTGC
17,8.626086235046387,8.180389404296875,CGCTGGGAAGATCCAGCCATTTTGAGTGCGCTGATCAAAGGGCCGACGCAACGGGGCCCTTCCTACGCGATAACCAATAGCGTGCGACGCGTCATATCCGGTGACGCGATCTGGTACATTTCGTCCGTCACTGAGCACTATCGAGTCACAATGGCCGCTTCCGGCGATTGCCGTTTCCGCCGCGACGGAGACACGTTTGC
18,8.773818016052246,8.261391639709473,CGCTTGAAAAAACCAGCCATTTTAAGAGCGGTGTTCAAAGGATTGACGCAACGGGGCACTTCCTTCGCGATAACCAATAGCGAGCGACGCGTCATATCCGGTGTCGCGAGATGGTACATTTCGTCGGTCACCGAGCACTCTTGCGTCACAATGGCCGTTTCCGGCGATCGTCATATCCGCCGCGACGGAGAAGCGTTTAC
19,8.973021507263184,8.34233570098877,CGCTTGTAAAAACCAGCCATTTTAAGAGCGGTGTTCAAAGGATTGACGCAACAGGGCACTTCCTTCGCGATAACCAATAGCGAGCGACGCGTCATATCCGGGGTCGCGAGATGGTACATTTCGTCGGTCACCGAGCACTCTTGCGTCACAATGGCCGTTTCCGGCGATCGTCATATCCGCCGCGACGGAGAAGCGTTTAC
20,8.973021507263184,8.42654037475586,CGCTTGTAAAAACCAGCCATTTTAAGAGCGGTGTTCAAAGGATTGACGCAACAGGGCACTTCCTTCGCGATAACCAATAGCGAGCGACGCGTCATATCCGGGGTCGCGAGATGGTACATTTCGTCGGTCACCGAGCACTCTTGCGTCACAATGGCCGTTTCCGGCGATCGTCATATCCGCCGCGACGGAGAAGCGTTTAC
21,8.973021507263184,8.526385307312012,CGCTTGTAAAAACCAGCCATTTTAAGAGCGGTGTTCAAAGGATTGACGCAACAGGGCACTTCCTTCGCGATAACCAATAGCGAGCGACGCGTCATATCCGGGGTCGCGAGATGGTACATTTCGTCGGTCACCGAGCACTCTTGCGTCACAATGGCCGTTTCCGGCGATCGTCATATCCGCCGCGACGGAGAAGCGTTTAC
22,9.052984237670898,8.571096420288086,CGCTTGTAAAAACCAGCCATTTTAAGAGCGGTGTTCACAGGATTGACGCAACAGGGCACTTCCTTCGCGATAACCAATACCGAGCGACGCGTCATATCCGGGGTCGCGAGATGGTACATTTCGTCGGTCACCGAGCACTCTTGCGTCACAATGGCCGCTTCCGGCGATTGCCGTTTCCGCCGCGACGGAGACCCATTTGC
23,9.052984237670898,8.650286674499512,CGCTTGTAAAAACCAGCCATTTTAAGAGCGGTGTTCACAGGATTGACGCAACAGGGCACTTCCTTCGCGATAACCAATACCGAGCGACGCGTCATATCCGGGGTCGCGAGATGGTACATTTCGTCGGTCACCGAGCACTCTTGCGTCACAATGGCCGCTTCCGGCGATTGCCGTTTCCGCCGCGACGGAGACCCATTTGC
24,9.142313003540039,8.746877670288086,CGCTTGTAAAAACCAGCCATTTTAAGAGTGGTGTTCAAAGGATTGACGCAACAGGGCACTTCCTTCGCGATAACCAATAGCGAGCGACGCGTCATATCCGGGGTCGCGAGATGGTACATTTCGTCGGTCACCGAGCACTCGCGAGTCGTTATGGCCGCTTCCGGCGATTGCCGTTTCCGCCGCGAAGGAGACCCATTTGC
25,9.142313003540039,8.784278869628906,CGCTTGTAAAAACCAGCCATTTTAAGAGTGGTGTTCAAAGGATTGACGCAACAGGGCACTTCCTTCGCGATAACCAATAGCGAGCGACGCGTCATATCCGGGGTCGCGAGATGGTACATTTCGTCGGTCACCGAGCACTCGCGAGTCGTTATGGCCGCTTCCGGCGATTGCCGTTTCCGCCGCGAAGGAGACCCATTTGC
26,9.206546783447266,8.81208324432373,CGCTTGTAAAAACCAGCCAATTTAAGAGCGGTGTTCAAAGGATTGACGCAACAGGGCACTTCCTTCGCGATAACCAATAGCGAGCGACGCGTCATATCCGGGGTCGCGCGATGGTACATTTCGTCGGTCCCCGAGCACTCGCGAGTCGTTATGGCCGCTTCCGGCGATTGCCGTTTCCGCCGCGAAGGAGACCCATTTGC
27,9.242902755737305,8.878564834594727,CGCTTGTAAAAACCAGCCAATTTAAGAGCGGTGTTCAAAGGATTGACGCAACAGGGCACTTCCTTCGCGATAACCAATAGCGAGCGACGCGTCATATCCGGGATCGCGCGATGGTACATTTCGTCGGTCCCCGAGCACTCGCGAGTCGTTATGGCCGCTTCCGGCGATTGCCGTTTCCGCCGCGAAGGAGACCCATTTGC
28,9.242902755737305,8.904640197753906,CGCTTGTAAAAACCAGCCAATTTAAGAGCGGTGTTCAAAGGATTGACGCAACAGGGCACTTCCTTCGCGATAACCAATAGCGAGCGACGCGTCATATCCGGGATCGCGCGATGGTACATTTCGTCGGTCCCCGAGCACTCGCGAGTCGTTATGGCCGCTTCCGGCGATTGCCGTTTCCGCCGCGAAGGAGACCCATTTGC
29,9.274721145629883,8.964238166809082,CGCTTGTAAAAACCATCCATTTTAACAGCGGTGTTAAAAGGATTGACGCAACAGGGCACTTCCTTCGCGATAACCAATAGCGAGCGACGCGTCATATCCGGGGTCTCGCGATGGTACATTTCGTCGGTCCCCGAGCACTCGCGAGTCGTTATGGCCGCTTCCGGCGATTACCGTTTCCGCCGCGAAGGAGACCCATTTGC
30,9.274917602539062,8.969000816345215,CGCTTGTAAAAACCATCCATTTTAACAGCGGTGTTAAAAGGATTGTCGCAACAGGGCACTTCCTTCGCGATAACCAATAGCGAGCGACGCGTCATATCCGGGGTCTCGCGATGGTACATTTCGTCGGTCCCCGAGCACTCGCGAGTCGTTATGGCCGCTTCCGGCGATTACCGTTTCCGCCGCGAAGGAGACCCATTTGC
31,9.37552547454834,9.0137300491333,CGCATGTAACAACCAGACAATTTAATAGCAGTGATCAAAGGATTGCCGCAACAGGGCACTTCCTTCGCGATAACCAATAGCGAGGGTCGCGTCATATCCGGGGTCTCGCGATGGTACATTTCGTCGTTCCCCGAGCACTCGCGAGTCGTTATGGCCGCTTCCGGCGGTAGTCATTTCCGCGGCGCCGGACAAGCGATGAC
32,9.390089988708496,9.040752410888672,CGCGTGTAAAGACCAGCCAATTTAAGAGCGGTGTTCAAAGTATTGACGCAACAGGGCACCTCCTTCGCGATAACGAATAGAGCGCGATGCGTCAAATCAGGTGACGTCATCTGGTACGTTACACCCGGCGCCGAGCAGTAACGAGTCATTACGGCCGTTTCCGGCGGTAGTCGTTTACGCCGCGACTGAGTCGCGGGTAC
33,9.702470779418945,9.037043571472168,CGCGTGTAAAAACCAGCCAATTTAAGAGCGGTGTTCAAAGAAATGACGCATCAGGGCACTTCCTTCGCGATAACCAATAGAGAGGGTAGCGTCATATCCGGGGTCTCGCGATGGTACATTTCGTCGTTCCCCGAGCACTCGCGAGTCGTTATGGCCGCTTCCGGCGGTGGTCATTTCCGCGGCGCCGGACAAGCGATGAC
34,9.702470779418945,9.112256050109863,CGCGTGTAAAAACCAGCCAATTTAAGAGCGGTGTTCAAAGAAATGACGCATCAGGGCACTTCCTTCGCGATAACCAATAGAGAGGGTAGCGTCATATCCGGGGTCTCGCGATGGTACATTTCGTCGTTCCCCGAGCACTCGCGAGTCGTTATGGCCGCTTCCGGCGGTGGTCATTTCCGCGGCGCCGGACAAGCGATGAC
35,9.702470779418945,9.180079460144043,CGCGTGTAAAAACCAGCCAATTTAAGAGCGGTGTTCAAAGAAATGACGCATCAGGGCACTTCCTTCGCGATAACCAATAGAGAGGGTAGCGTCATATCCGGGGTCTCGCGATGGTACATTTCGTCGTTCCCCGAGCACTCGCGAGTCGTTATGGCCGCTTCCGGCGGTGGTCATTTCCGCGGCGCCGGACAAGCGATGAC
36,9.707691192626953,9.213478088378906,CGCGAGCAAAAACCAGCCAATTGAAGAGCGGTGTTCAAAGAAATGACGCATCAGGGCACTTCCTTCGCGATAACCAATAGCGAGGGTCGCGTCATATCCGGGGTCTCGCGATGGTACATTTCGTCGTTCCCCGAGCACTCGCGAGTCGTTATGGCCGCTTCCGGCGGTAGTCATTTCCGCGGCGCCGGACCAGCATTTGC
37,9.707691192626953,9.29177474975586,CGCGAGCAAAAACCAGCCAATTGAAGAGCGGTGTTCAAAGAAATGACGCATCAGGGCACTTCCTTCGCGATAACCAATAGCGAGGGTCGCGTCATATCCGGGGTCTCGCGATGGTACATTTCGTCGTTCCCCGAGCACTCGCGAGTCGTTATGGCCGCTTCCGGCGGTAGTCATTTCCGCGGCGCCGGACCAGCATTTGC
38,9.707947731018066,9.317696571350098,CGCGTGTAAAAACTAGCCAATTTATGCGCGGTGTTCAAAGAAATGACGCATCAGGGCACTTCCTTCGCGATAACCAATAGAGAGGGTAGCGTCATGTCCGGGGTCTCGCGATGGTACATTTCGTCGTTCCGCGAGCACTCGCGAGTCGTTATGGCCGCTTCCGGCGGTGGTCACTTCCGCCGCGACTGAGCCGCGGGTAC
39,9.707947731018066,9.384343147277832,CGCGTGTAAAAACTAGCCAATTTATGCGCGGTGTTCAAAGAAATGACGCATCAGGGCACTTCCTTCGCGATAACCAATAGAGAGGGTAGCGTCATGTCCGGGGTCTCGCGATGGTACATTTCGTCGTTCCGCGAGCACTCGCGAGTCGTTATGGCCGCTTCCGGCGGTGGTCACTTCCGCCGCGACTGAGCCGCGGGTAC
40,9.80225658416748,9.430839538574219,CGCGTGTAAAAACTAGCCAATTTATGCGCGGTGTTCAAAGAAATGACGCATCAGGGCACTTCCTTCGCGAGAACCAATAGAGAGGGTAGCGTCATGTCCGGGGTCTCGCGATGGTACATATCGTCGTTCCGCGAGCACTCGCGAGTCGTTTTGGCCGCTTCCGGCGGTGGTCACTTCCGCGGCGACTGAGCCGCGGGTAC
41,9.864263534545898,9.416483879089355,TGCGTGTAAAAACCGGCCAATTTAAGAGCGGTGTACAAAGAAATGACGCATCTCGGCACTTCCCTCGCGATAACCAATAGAGAGGGTAGCGTCATATACGGGATCGCGCGAAGCTACATTGCGTCGGTCCCGGAGCACTCGCGAGACGTCATGGCCGCTTCCGGCAGTAGTCATTTCCGCGGCGCCGGAGCCGCGGGTAC
42,9.885649681091309,9.381558418273926,CGCGTGTAAAAACTAGCCAATTTATGCGCGGTGTTCAAAGAAATGACGCATCAGGGCACTTCCTTCGCGAGAACCAATAGAGAGGGTAGCGTCATGTCCGGGGTCTCGCGATGGTACATCCCGTCGTGCCCCGAGCACTCGCGAGTCGTCATAGCCGCTTCCGGCGGTGGTCATTTCCGCGGCGCCGGACAAGTGCTGAC
43,10.066081047058105,9.453033447265625,CGCGTGTAAAAACTAGCCAACTTATGGGCGGTGTTCAAAGAAATGACGCATCAGGGCACTTCCTTCGCGAGAACCAATAGAGAGGGTAGCGTCATGTCCGGGGTCTCGCGATGGTACATCCCGTCGTGCCCCGAGCACTCGCGAGTCGTCATAGCCGCTTCCGGCGGTGGTCATTTCCGCGGCGCCGGAGCCGCGGGTAC
44,10.066081047058105,9.443541526794434,CGCGTGTAAAAACTAGCCAACTTATGGGCGGTGTTCAAAGAAATGACGCATCAGGGCACTTCCTTCGCGAGAACCAATAGAGAGGGTAGCGTCATGTCCGGGGTCTCGCGATGGTACATCCCGTCGTGCCCCGAGCACTCGCGAGTCGTCATAGCCGCTTCCGGCGGTGGTCATTTCCGCGGCGCCGGAGCCGCGGGTAC
45,10.066081047058105,9.466885566711426,CGCGTGTAAAAACTAGCCAACTTATGGGCGGTGTTCAAAGAAATGACGCATCAGGGCACTTCCTTCGCGAGAACCAATAGAGAGGGTAGCGTCATGTCCGGGGTCTCGCGATGGTACATCCCGTCGTGCCCCGAGCACTCGCGAGTCGTCATAGCCGCTTCCGGCGGTGGTCATTTCCGCGGCGCCGGAGCCGCGGGTAC
46,10.07512378692627,9.486827850341797,CGCGTGCAAAAACCAGCCAATGTATGCGCGGTGTTCAAAGAAATGACGCATCAGGGCACTTCCTTCGCGAGAACCAATGGAGAGGGTAGCGTCATGTCCGGGGTCTCGCGATGGTACATCCCGTCGTGCCCCGAGCACTCGCGAGTCGTCATAGCCGCTTCCGGCGGTGGTCATTTCCGCGGCGCCGGAGCCGCGGGTAC
47,10.12303352355957,9.582180976867676,CGCGTGTAAAAACTAGCCGACTTATGGGCGGTGTTCAAAGAAATGACGCATCAGGGCACTTCCTTCGCGAGAACCAATAGAGAGGGTAGCGTCATGTCCGGGGTCTCGCGATGGTACATCCCGTCGTGCCCCGAGCACTCGCGAGTCGTCATAGCCGCTTCCGGCGGTGGTCATTTCCGCGGCGCCGGATCCGCGGGTAC
48,10.12303352355957,9.563389778137207,CGCGTGTAAAAACTAGCCGACTTATGGGCGGTGTTCAAAGAAATGACGCATCAGGGCACTTCCTTCGCGAGAACCAATAGAGAGGGTAGCGTCATGTCCGGGGTCTCGCGATGGTACATCCCGTCGTGCCCCGAGCACTCGCGAGTCGTCATAGCCGCTTCCGGCGGTGGTCATTTCCGCGGCGCCGGATCCGCGGGTAC
49,10.12303352355957,9.60928726196289,CGCGTGTAAAAACTAGCCGACTTATGGGCGGTGTTCAAAGAAATGACGCATCAGGGCACTTCCTTCGCGAGAACCAATAGAGAGGGTAGCGTCATGTCCGGGGTCTCGCGATGGTACATCCCGTCGTGCCCCGAGCACTCGCGAGTCGTCATAGCCGCTTCCGGCGGTGGTCATTTCCGCGGCGCCGGATCCGCGGGTAC
50,10.12303352355957,9.717333793640137,CGCGTGTAAAAACTAGCCGACTTATGGGCGGTGTTCAAAGAAATGACGCATCAGGGCACTTCCTTCGCGAGAACCAATAGAGAGGGTAGCGTCATGTCCGGGGTCTCGCGATGGTACATCCCGTCGTGCCCCGAGCACTCGCGAGTCGTCATAGCCGCTTCCGGCGGTGGTCATTTCCGCGGCGCCGGATCCGCGGGTAC
51,10.156364440917969,9.747913360595703,TGCGAGCAAAAACCAGCCAATTGATGCGCGGTGTTCAGAGAAATGACGCATCAGGGCACTTCCTTCTCGTGAACCAATAAAGAGGGTAGCGTCATGTCCGGGGTCTCGCGATGGTACATCCCGTCGTGCCCCGAGCACTCGCGAGTCGTCATAGCCGCTTCCGGCGGTGGTCATTTCCGCGGCGCCGGATCCGCGGGTAC
52,10.156364440917969,9.782787322998047,TGCGAGCAAAAACCAGCCAATTGATGCGCGGTGTTCAGAGAAATGACGCATCAGGGCACTTCCTTCTCGTGAACCAATAAAGAGGGTAGCGTCATGTCCGGGGTCTCGCGATGGTACATCCCGTCGTGCCCCGAGCACTCGCGAGTCGTCATAGCCGCTTCCGGCGGTGGTCATTTCCGCGGCGCCGGATCCGCGGGTAC
53,10.156364440917969,9.771000862121582,TGCGAGCAAAAACCAGCCAATTGATGCGCGGTGTTCAGAGAAATGACGCATCAGGGCACTTCCTTCTCGTGAACCAATAAAGAGGGTAGCGTCATGTCCGGGGTCTCGCGATGGTACATCCCGTCGTGCCCCGAGCACTCGCGAGTCGTCATAGCCGCTTCCGGCGGTGGTCATTTCCGCGGCGCCGGATCCGCGGGTAC
54,10.160112380981445,9.803055763244629,TGCGAGCAAAAACCAGCCAATTGATACGCGGTGTACAGAGAAATGACGCATCAGGGCACTTCCTTCTCGTGAACCAATAAAGAGGGTAGCGTCATGTCCGGGGTCTCGCGATGGTACATCCCGTCGTGCCCCGAGCACTCGCGAGTCGTCATAGCCGCTTCCGGCGGTGGTCATTTCCGCGGCGCCGGATCCGCGGGTAC
55,10.162820816040039,9.785136222839355,TGCGAGCAAAAACCAGCCAATTGATACGCGGTGTACAGAGAAATGACGCATCAGGGCACTTCCTTCACGTGAACCAATAAAGAGGGTAGCGTCATGTCCGGGGTCTCGCGATGGTACATCCCGTCGTGCCCCGAGCACTCGCGAGTCGTCATAGCCGCTTCCGGCGGTGGTCATTTCCGCGGCGCCGGATCCGCGGGTAC
56,10.162820816040039,9.801082611083984,TGCGAGCAAAAACCAGCCAATTGATACGCGGTGTACAGAGAAATGACGCATCAGGGCACTTCCTTCACGTGAACCAATAAAGAGGGTAGCGTCATGTCCGGGGTCTCGCGATGGTACATCCCGTCGTGCCCCGAGCACTCGCGAGTCGTCATAGCCGCTTCCGGCGGTGGTCATTTCCGCGGCGCCGGATCCGCGGGTAC
57,10.162820816040039,9.783851623535156,TGCGAGCAAAAACCAGCCAATTGATACGCGGTGTACAGAGAAATGACGCATCAGGGCACTTCCTTCACGTGAACCAATAAAGAGGGTAGCGTCATGTCCGGGGTCTCGCGATGGTACATCCCGTCGTGCCCCGAGCACTCGCGAGTCGTCATAGCCGCTTCCGGCGGTGGTCATTTCCGCGGCGCCGGATCCGCGGGTAC
58,10.18274974822998,9.796710968017578,CGTGAGCAAAAACCAGCCAATTGATACGCGCTGTACAGAGAAATGACGCATCAGGGCACTTCCTTCACGTGAACCAATAAAGAGGGTAGCGTCATGTCCGGGGTCTCGCGATGGTACATCCCGTCGTGCCCCGAGCACTCGCGAGTCGTCATAGCCGCTTCCGGCGGTGGTCATTTCCGCGGCGCCGGATCCGCGGGTAC
59,10.18274974822998,9.85025691986084,CGTGAGCAAAAACCAGCCAATTGATACGCGCTGTACAGAGAAATGACGCATCAGGGCACTTCCTTCACGTGAACCAATAAAGAGGGTAGCGTCATGTCCGGGGTCTCGCGATGGTACATCCCGTCGTGCCCCGAGCACTCGCGAGTCGTCATAGCCGCTTCCGGCGGTGGTCATTTCCGCGGCGCCGGATCCGCGGGTAC
60,10.18274974822998,9.801653861999512,CGTGAGCAAAAACCAGCCAATTGATACGCGCTGTACAGAGAAATGACGCATCAGGGCACTTCCTTCACGTGAACCAATAAAGAGGGTAGCGTCATGTCCGGGGTCTCGCGATGGTACATCCCGTCGTGCCCCGAGCACTCGCGAGTCGTCATAGCCGCTTCCGGCGGTGGTCATTTCCGCGGCGCCGGATCCGCGGGTAC
61,10.18274974822998,9.825472831726074,CGTGAGCAAAAACCAGCCAATTGATACGCGCTGTACAGAGAAATGACGCATCAGGGCACTTCCTTCACGTGAACCAATAAAGAGGGTAGCGTCATGTCCGGGGTCTCGCGATGGTACATCCCGTCGTGCCCCGAGCACTCGCGAGTCGTCATAGCCGCTTCCGGCGGTGGTCATTTCCGCGGCGCCGGATCCGCGGGTAC
62,10.20615005493164,9.834589958190918,TGCGAGCATAAACCAGCCAATTGATACGCGTTGTGCAGAGAAATGACGCATCAGGGCACTTCCTTTACGTGAACCAATAGGGAGGGTACCGTCATGTCCGGGGTCTCGCGATGGTACATCCCGTCGTGCCCCGAGCACTCGCGAGACGTCATAGCCGCTTCCGGCGGTGGTCATTTCCGCGGCGCCGGATCCGCGGGTAC
63,10.20615005493164,9.802886009216309,TGCGAGCATAAACCAGCCAATTGATACGCGTTGTGCAGAGAAATGACGCATCAGGGCACTTCCTTTACGTGAACCAATAGGGAGGGTACCGTCATGTCCGGGGTCTCGCGATGGTACATCCCGTCGTGCCCCGAGCACTCGCGAGACGTCATAGCCGCTTCCGGCGGTGGTCATTTCCGCGGCGCCGGATCCGCGGGTAC
64,10.20615005493164,9.86718463897705,TGCGAGCATAAACCAGCCAATTGATACGCGTTGTGCAGAGAAATGACGCATCAGGGCACTTCCTTTACGTGAACCAATAGGGAGGGTACCGTCATGTCCGGGGTCTCGCGATGGTACATCCCGTCGTGCCCCGAGCACTCGCGAGACGTCATAGCCGCTTCCGGCGGTGGTCATTTCCGCGGCGCCGGATCCGCGGGTAC
65,10.248594284057617,9.827835083007812,TGCGAGCAAAGACCAGCCAATTGATACTCGGTGTACAAATAAATGACGCATAAGGGCACTTCCTTCACGTGAACCAATAAAGAGGGTAGCGTCATGTCCGGGGTCTCGCGATGGTAGATCCCGTCATGCCCTGAGCACTCGCGAGTCGTCATAGCCGCTTCCGGCGGGGGTCATTTCCGCGTCGCCGGATCCGCGGGTAC
66,10.248594284057617,9.847485542297363,TGCGAGCAAAGACCAGCCAATTGATACTCGGTGTACAAATAAATGACGCATAAGGGCACTTCCTTCACGTGAACCAATAAAGAGGGTAGCGTCATGTCCGGGGTCTCGCGATGGTAGATCCCGTCATGCCCTGAGCACTCGCGAGTCGTCATAGCCGCTTCCGGCGGGGGTCATTTCCGCGTCGCCGGATCCGCGGGTAC
67,10.248594284057617,9.85117244720459,TGCGAGCAAAGACCAGCCAATTGATACTCGGTGTACAAATAAATGACGCATAAGGGCACTTCCTTCACGTGAACCAATAAAGAGGGTAGCGTCATGTCCGGGGTCTCGCGATGGTAGATCCCGTCATGCCCTGAGCACTCGCGAGTCGTCATAGCCGCTTCCGGCGGGGGTCATTTCCGCGTCGCCGGATCCGCGGGTAC
68,10.248594284057617,9.789104461669922,TGCGAGCAAAGACCAGCCAATTGATACTCGGTGTACAAATAAATGACGCATAAGGGCACTTCCTTCACGTGAACCAATAAAGAGGGTAGCGTCATGTCCGGGGTCTCGCGATGGTAGATCCCGTCATGCCCTGAGCACTCGCGAGTCGTCATAGCCGCTTCCGGCGGGGGTCATTTCCGCGTCGCCGGATCCGCGGGTAC
69,10.248594284057617,9.868541717529297,TGCGAGCAAAGACCAGCCAATTGATACTCGGTGTACAAATAAATGACGCATAAGGGCACTTCCTTCACGTGAACCAATAAAGAGGGTAGCGTCATGTCCGGGGTCTCGCGATGGTAGATCCCGTCATGCCCTGAGCACTCGCGAGTCGTCATAGCCGCTTCCGGCGGGGGTCATTTCCGCGTCGCCGGATCCGCGGGTAC
70,10.299128532409668,9.863248825073242,TGCGACCATAAACCAGCCAATTGATACGCGTTGTGCAGAGAAATGACGCATCAGGGCACTTCCTCTACGTGAACCAATAAAGAGGGTAGCGTCATGTCCGGGGTCTCGCGATGGTACATCCCATCGTGCCACGCGCACTCGCGAGACGTCATAGCCGCTTCCGGCGGTGGTCATTTTCGCGGCGCCGGATCCGCGGGTCC
71,10.299128532409668,9.882662773132324,TGCGACCATAAACCAGCCAATTGATACGCGTTGTGCAGAGAAATGACGCATCAGGGCACTTCCTCTACGTGAACCAATAAAGAGGGTAGCGTCATGTCCGGGGTCTCGCGATGGTACATCCCATCGTGCCACGCGCACTCGCGAGACGTCATAGCCGCTTCCGGCGGTGGTCATTTTCGCGGCGCCGGATCCGCGGGTCC
72,10.304346084594727,9.919944763183594,TGCGAGCAAAGACCAGCCAATTGATACTCGGTGTACAAATAAATGACGCATAAGGGCACTTCCTTCGCGAAAACCAATAGCGAGGGTAGCGTCATGTCCGGGGTCTCGCGATGGTACATCCCATCGTGCCACGCGCACTTGCGAGACGTCATAGCCGGTTCCGGCGGTGGTCATTTTCGCGGCGCCGGTTCCGCGGGTAC
73,10.320240020751953,9.930408477783203,TGCGAGCAAAGACCAACCAATTGATACTCGGTGTACAAAAAAATGACGCATCAGGGCACTTCCTCTACGTGAACCAATAAAGAGGGTAGCGTCATGTCCGGGGTCTCGCGATGGTACATCCCATCGTGCCACGCGCACTTGCGAGACGTCATAGCCGGTTCCGGCGGTGGTCATTTTCGCGGCGCCGGTTCCGCGGGTAC
74,10.320240020751953,9.950733184814453,TGCGAGCAAAGACCAACCAATTGATACTCGGTGTACAAAAAAATGACGCATCAGGGCACTTCCTCTACGTGAACCAATAAAGAGGGTAGCGTCATGTCCGGGGTCTCGCGATGGTACATCCCATCGTGCCACGCGCACTTGCGAGACGTCATAGCCGGTTCCGGCGGTGGTCATTTTCGCGGCGCCGGTTCCGCGGGTAC
75,10.323189735412598,10.009056091308594,CGCGACCATGAACCAGCCAATTGATACGCGTTGTGCAGAGAAATGACGCATAAGGGCACTTCCTTCACGTGAACCAATAAAGAGGGTAGCGTCATGTCCGGGGTCTCGCGATGGTACATCCCATCGTGCCACGCGCACTTGCGAGACGTCATAGCCGGTTCCGGCGGTGGTCATTTTCGCGGCGCCGGTTCCGCGGGTAC
76,10.352420806884766,9.999701499938965,TGCGACCATAAACCAGCCAATTGATACGCGTTGTGCAGAGAAATGACGCATCAGGGCACTTCCTCTACGTGAACCAATAAAGAGGGTAGCGTCATGTCCGGGGTCTCGCGATGGTACATCCCATCGTGCCACGCGCACTCGCGAGACGTCATAGCCGCTTCCGGTGGTGGTCATTTCCGCGGCGCCGGATCCGCGGGTCC
77,10.352420806884766,10.001055717468262,TGCGACCATAAACCAGCCAATTGATACGCGTTGTGCAGAGAAATGACGCATCAGGGCACTTCCTCTACGTGAACCAATAAAGAGGGTAGCGTCATGTCCGGGGTCTCGCGATGGTACATCCCATCGTGCCACGCGCACTCGCGAGACGTCATAGCCGCTTCCGGTGGTGGTCATTTCCGCGGCGCCGGATCCGCGGGTCC
78,10.352420806884766,10.032002449035645,TGCGACCATAAACCAGCCAATTGATACGCGTTGTGCAGAGAAATGACGCATCAGGGCACTTCCTCTACGTGAACCAATAAAGAGGGTAGCGTCATGTCCGGGGTCTCGCGATGGTACATCCCATCGTGCCACGCGCACTCGCGAGACGTCATAGCCGCTTCCGGTGGTGGTCATTTCCGCGGCGCCGGATCCGCGGGTCC
79,10.355687141418457,10.01608657836914,TGCGACCATAAACCAGCCAATTGATACGCGTTGTGCAGAGAAATGACGCAACAGGGCACTTCCTATAGGTGAACCAATAAAGAGGGTAGCGTCATGTCCGGGGTCTCGCGATGGTACATCCCATCGTGCCACGCGCACTCGCGAGACGTCATAGCCGCTTCCGGCGGTGGTCATTTCCGCGGCGGCGGGTCCGTGGGTAC
80,10.36616325378418,10.02579402923584,TGCGACCATAAACCAGCCAATTGATACGCGTTGTGCATAGAAATGACGCATCAGGGCACTTCCTCTACGTGAACCAATAAAGAGGGTAGCGTCATGTCCGGGGTCTCGCGATGGTACATCCCATCGTGCCACGCGCACTCGCGAGACGTCATAGCCGCTTCCGGTGGTGGTCATTTCCGCGGCGCCGGATCCGCGGGTCC
81,10.36616325378418,10.070115089416504,TGCGACCATAAACCAGCCAATTGATACGCGTTGTGCATAGAAATGACGCATCAGGGCACTTCCTCTACGTGAACCAATAAAGAGGGTAGCGTCATGTCCGGGGTCTCGCGATGGTACATCCCATCGTGCCACGCGCACTCGCGAGACGTCATAGCCGCTTCCGGTGGTGGTCATTTCCGCGGCGCCGGATCCGCGGGTCC
82,10.36616325378418,10.086470603942871,TGCGACCATAAACCAGCCAATTGATACGCGTTGTGCATAGAAATGACGCATCAGGGCACTTCCTCTACGTGAACCAATAAAGAGGGTAGCGTCATGTCCGGGGTCTCGCGATGGTACATCCCATCGTGCCACGCGCACTCGCGAGACGTCATAGCCGCTTCCGGTGGTGGTCATTTCCGCGGCGCCGGATCCGCGGGTCC
83,10.427083969116211,10.07724666595459,TGCGACCATAAACCAGCCAATTGATACGCGTTGTGCATAAAAATGACGCAACAGGGCACTTCCTCTACGTGAACCAATAAAGAGGGTAGCGTCATGTCCGGGGTCTCGCGATGGTACATCCCATCGTGCCACGCGCACTCGCGAGACGTCATAGCGGCTTCCGGTGGTGGTCATTTCCGCGGCGCCGGATCCGCGGGTCC
84,10.427083969116211,10.114794731140137,TGCGACCATAAACCAGCCAATTGATACGCGTTGTGCATAAAAATGACGCAACAGGGCACTTCCTCTACGTGAACCAATAAAGAGGGTAGCGTCATGTCCGGGGTCTCGCGATGGTACATCCCATCGTGCCACGCGCACTCGCGAGACGTCATAGCGGCTTCCGGTGGTGGTCATTTCCGCGGCGCCGGATCCGCGGGTCC
85,10.52767276763916,10.108479499816895,TGCGACCATGAACCAGCCAATTGATACTCGTTTTGCGGAGAAATGACGCATCACGGCACTTCCTATAGGTGAACCAATAAAGAGGGTAGCGTCATGCCCGGGGTCTCGCGAGGGTACATCCCATCGTGCCGCGCGCACTCGCGAGACGTCATGGCCGCTTCCGGTGCTGGTCATTTCCGCGGCGCCGGTTCCGCGGGTCC
86,10.52767276763916,10.127120018005371,TGCGACCATGAACCAGCCAATTGATACTCGTTTTGCGGAGAAATGACGCATCACGGCACTTCCTATAGGTGAACCAATAAAGAGGGTAGCGTCATGCCCGGGGTCTCGCGAGGGTACATCCCATCGTGCCGCGCGCACTCGCGAGACGTCATGGCCGCTTCCGGTGCTGGTCATTTCCGCGGCGCCGGTTCCGCGGGTCC
87,10.53537654876709,10.115867614746094,TGCGACCATGAACCAGCCAATTGATAGTCGTTTTGCGGAGAAATGACGCATCACGGCACTTCCTATAGGTGAACCAATAAAGAGGGTAGCGTCATGCCCGGGGTCTCGCGAGGGTACATCCCATCGTGCCGCGCGCACTCGCGAGACGTCATGGCCGCTTCCGGTGCTGGTCATTTCCGCGGCGCCGGTTCCGCGGGTCC
88,10.53537654876709,10.10604190826416,TGCGACCATGAACCAGCCAATTGATAGTCGTTTTGCGGAGAAATGACGCATCACGGCACTTCCTATAGGTGAACCAATAAAGAGGGTAGCGTCATGCCCGGGGTCTCGCGAGGGTACATCCCATCGTGCCGCGCGCACTCGCGAGACGTCATGGCCGCTTCCGGTGCTGGTCATTTCCGCGGCGCCGGTTCCGCGGGTCC
89,10.570627212524414,10.07384204864502,TGCGACCATAAACCAGCCAATTGATACGCGTTGTGCAAAGAAATGACGCATCTGGGCACTTCCTCTACCTGAACCAATAAAGAGGGTAGCGTCATGTCCGGGGTCTCGCGAGGGTGCATCCCATCGTGCCACGCGCACCCGCGAGACGTCATTGCCGGTTCCGGTGGTGGTCATTTCCGCGGCGCCGGATCCGCGGGTCC
90,10.570627212524414,10.159432411193848,TGCGACCATAAACCAGCCAATTGATACGCGTTGTGCAAAGAAATGACGCATCTGGGCACTTCCTCTACCTGAACCAATAAAGAGGGTAGCGTCATGTCCGGGGTCTCGCGAGGGTGCATCCCATCGTGCCACGCGCACCCGCGAGACGTCATTGCCGGTTCCGGTGGTGGTCATTTCCGCGGCGCCGGATCCGCGGGTCC
91,10.600540161132812,10.198575019836426,TGCGACCATAAACCAGCCAATTGATACGCGTTGTGCAAAGAAATGACGCATCTGGGCACTTCCTCTACCTGAACCAATAAAGAGGGTAGCGTCATGTCCGGGGTCTCGCGAGGGTGCATCCCATCGTGCCACGCGCACCCGCGAGACGTCATTACCGGTTCCGGTGGTGGTCATTTCCGCGGCGCCGGTTCCGCGGGTCC
92,10.621302604675293,10.257389068603516,TGACACCGCAAACCAGCCAATTGATACGCGTTGAGCATAGAAATGACGCATCAGGGCACTTCCTCTACGTGAACCAATAAAGAGGGTAGCGTTATGTGCGGGGTCTCGCGAGGGTACATCCCATCGTGCCACGCGCACTCGCGAGACGTCATTGCGGCTTCCGGTGGTGGTCATTTCCGCGGCGCCGGATCCGCGGGTCC
93,10.630288124084473,10.204743385314941,TGACACCGCAAACCAGCCAATTGATACGCGTTGAGCATAGAAATGACGCATCAGGGCACTTCCTCTACGTGAACCAATAAAGAGGGTAGCGTTATGTGCGGGGTCTCGCGAGGGTACATCCCATCGTGCCACGCGCACTCGCGAGACGTCATTGCGGCTTCCGGTGGTGGTCATTTCCGCGTCGCCGGTTCCGCGGGTCC
94,10.652507781982422,10.21680736541748,TGCGTCCATAAACAAGCCAATTGATAGTCGTTTTGCATAGAAATGACGCATCAGGGCACTTCCTCTACGTGAACCAATAAAGAGGGTAGCGTTATGTGCGGGGTCTCGCGAGGGTACATCCCATCGTGCCACGCGCACTCGCGAGACGTCATTGCGGCTTCCGGTGGTGGTCATTTCCGCGGCGCCGGATCCGCGGGTCC
95,10.652507781982422,10.253860473632812,TGCGTCCATAAACAAGCCAATTGATAGTCGTTTTGCATAGAAATGACGCATCAGGGCACTTCCTCTACGTGAACCAATAAAGAGGGTAGCGTTATGTGCGGGGTCTCGCGAGGGTACATCCCATCGTGCCACGCGCACTCGCGAGACGTCATTGCGGCTTCCGGTGGTGGTCATTTCCGCGGCGCCGGATCCGCGGGTCC
96,10.652507781982422,10.29589557647705,TGCGTCCATAAACAAGCCAATTGATAGTCGTTTTGCATAGAAATGACGCATCAGGGCACTTCCTCTACGTGAACCAATAAAGAGGGTAGCGTTATGTGCGGGGTCTCGCGAGGGTACATCCCATCGTGCCACGCGCACTCGCGAGACGTCATTGCGGCTTCCGGTGGTGGTCATTTCCGCGGCGCCGGATCCGCGGGTCC
97,10.652507781982422,10.285112380981445,TGCGTCCATAAACAAGCCAATTGATAGTCGTTTTGCATAGAAATGACGCATCAGGGCACTTCCTCTACGTGAACCAATAAAGAGGGTAGCGTTATGTGCGGGGTCTCGCGAGGGTACATCCCATCGTGCCACGCGCACTCGCGAGACGTCATTGCGGCTTCCGGTGGTGGTCATTTCCGCGGCGCCGGATCCGCGGGTCC
98,10.652507781982422,10.214753150939941,TGCGTCCATAAACAAGCCAATTGATAGTCGTTTTGCATAGAAATGACGCATCAGGGCACTTCCTCTACGTGAACCAATAAAGAGGGTAGCGTTATGTGCGGGGTCTCGCGAGGGTACATCCCATCGTGCCACGCGCACTCGCGAGACGTCATTGCGGCTTCCGGTGGTGGTCATTTCCGCGGCGCCGGATCCGCGGGTCC
99,10.652507781982422,10.247371673583984,TGCGTCCATAAACAAGCCAATTGATAGTCGTTTTGCATAGAAATGACGCATCAGGGCACTTCCTCTACGTGAACCAATAAAGAGGGTAGCGTTATGTGCGGGGTCTCGCGAGGGTACATCCCATCGTGCCACGCGCACTCGCGAGACGTCATTGCGGCTTCCGGTGGTGGTCATTTCCGCGGCGCCGGATCCGCGGGTCC
